2022001 28 12 23 22
2022002 7 6 4 11
2022003 13 11 19 5
2022004 18 10 19 4
2022005 4 11 23 9
2022006 5 1 24 21
2022007 4 14 5 9
2022008 30 15 18 17
2022009 12 2 26 22
2022010 3 11 8 21
2022011 10 9 7 6
2022012 12 4 13 7
2022013 25 4 2 21
2022014 20 3 6 16
2022015 6 14 10 9
2022016 8 13 4 11
2022017 4 8 23 19
2022018 19 13 19 9
2022019 28 6 23 15
2022020 26 13 20 6
2022021 26 14 19 2
2022022 15 11 12 20
2022023 13 15 5 20
2022024 25 4 22 3
2022025 11 13 18 6
2022026 23 3 25 7
2022027 16 11 22 24
2022028 10 3 9 9
2022029 11 5 19 24
2022030 11 3 15 23
2022031 29 3 26 1
2022032 22 14 13 20
2022033 2 7 9 11
2022034 28 7 29 13
2022035 22 8 27 11
2022036 5 8 6 7
2022037 16 5 2 1
2022038 30 3 15 24
2022039 25 15 14 14
2022040 3 15 19 17
2022041 20 1 11 8
2022042 9 8 25 18
2022043 14 11 28 19
2022044 22 6 30 2
2022045 14 2 20 19
2022046 6 3 13 15
2022047 27 14 1 12
2022048 18 10 12 17
2022049 11 1 21 7
2022050 16 1 7 15
2022051 9 5 3 20
2022052 28 13 8 4
2022053 25 13 29 1
2022054 9 6 23 11
2022055 6 7 23 18
2022056 3 6 24 17
2022057 14 7 28 6
2022058 12 7 13 15
2022059 14 6 27 15
2022060 30 9 4 8
2022061 15 15 14 7
2022062 18 1 28 3
2022063 25 6 13 24
2022064 26 11 4 3
2022065 25 14 10 24
2022066 19 13 6 8
2022067 19 13 10 11
2022068 2 6 5 12
2022069 2 3 13 21
2022070 2 1 21 24
2022071 27 6 11 17
2022072 15 4 11 10
2022073 20 3 12 17
2022074 9 1 25 9
2022075 4 4 21 8
2022076 14 3 17 2
2022077 16 10 12 4
2022078 25 9 7 11
2022079 21 8 21 8
2022080 5 3 25 4
2022081 29 9 21 1
2022082 14 5 13 22
2022083 16 15 14 12
2022084 28 2 8 11
2022085 27 2 6 14
2022086 17 6 15 19
2022087 6 3 19 14
2022088 27 12 23 16
2022089 17 14 22 15
2022090 21 4 2 21
2022091 30 8 19 24
2022092 7 11 12 25
2022093 14 4 8 5
2022094 30 4 18 3
2022095 10 3 14 24
2022096 9 10 25 5
2022097 17 2 11 11
2022098 2 9 24 16
2022099 24 9 6 20
2022100 27 13 19 3
2022101 1 5 29 18
2022102 23 1 16 1
2022103 11 6 23 9
2022104 13 2 29 15
2022105 20 15 4 8
2022106 7 14 15 20
2022107 29 1 30 15
2022108 27 15 21 10
2022109 30 7 15 14
2022110 4 5 24 14
2022111 27 2 17 6
2022112 3 14 30 17
2022113 11 2 1 3
2022114 16 11 3 11
2022115 30 12 7 6
2022116 19 12 15 20
2022117 18 13 24 4
2022118 8 3 7 25
2022119 26 8 11 13
2022120 23 3 9 21
2022121 9 1 29 25
2022122 1 12 22 17
2022123 27 2 24 17
2022124 11 8 19 15
2022125 4 12 6 24
2022126 8 3 6 18
2022127 30 2 27 17
2022128 23 3 10 4
2022129 8 13 3 9
2022130 30 4 14 3
2022131 3 10 1 25
2022132 5 7 26 2
2022133 20 14 18 17
2022134 24 3 15 17
2022135 2 10 21 23
2022136 10 12 20 14
2022137 13 3 12 5
2022138 25 3 13 14
2022139 3 6 24 6
2022140 8 12 19 12
2022141 2 6 3 25
2022142 13 12 29 7
2022143 7 6 6 8
2022144 28 6 25 25
2022145 5 9 28 21
2022146 5 9 19 18
2022147 26 2 8 4
2022148 11 2 20 5
2022149 3 1 24 24
2022150 21 9 17 3
2022151 9 8 9 19
2022152 27 12 17 15
2022153 30 5 22 2
2022154 10 10 12 10
2022155 30 12 1 25
2022156 17 1 26 6
2022157 25 5 29 2
2022158 20 13 13 22
2022159 21 15 20 21
2022160 4 10 17 4
2022161 23 8 5 2
2022162 14 4 29 7
2022163 25 9 11 10
2022164 8 15 5 10
2022165 21 7 25 19
2022166 21 7 8 10
2022167 10 1 20 24
2022168 12 9 8 6
2022169 20 14 16 15
2022170 30 4 17 11
2022171 14 14 8 18
2022172 30 2 20 22
2022173 14 13 13 19
2022174 30 8 20 25
2022175 21 12 20 2
2022176 22 11 13 20
2022177 20 12 20 11
2022178 20 3 15 15
2022179 11 9 30 21
2022180 28 5 4 3
2022181 22 8 28 9
2022182 30 11 25 22
2022183 3 4 1 22
2022184 28 15 29 17
2022185 3 9 7 6
2022186 2 7 8 22
2022187 18 3 25 17
2022188 10 9 8 4
2022189 22 8 26 9
2022190 9 14 12 1
2022191 17 9 28 24
2022192 21 2 19 15
2022193 14 15 5 21
2022194 8 5 18 6
2022195 5 3 25 18
2022196 6 1 26 17
2022197 23 2 27 22
2022198 14 9 9 14
2022199 1 15 8 25
2022200 11 1 1 19
2022201 18 6 22 25
2022202 2 14 10 18
2022203 6 5 27 24
2022204 17 12 22 17
2022205 10 4 27 9
2022206 9 2 2 17
2022207 18 7 7 7
2022208 12 9 26 13
2022209 15 14 23 24
2022210 15 3 22 4
2022211 18 3 18 20
2022212 23 12 7 9
2022213 22 11 27 6
2022214 4 9 29 14
2022215 14 13 1 4
2022216 23 6 6 1
2022217 2 1 7 17
2022218 15 3 22 22
2022219 8 15 19 16
2022220 5 12 24 20
2022221 25 15 2 23
2022222 14 8 1 21
2022223 6 7 2 10
2022224 18 8 16 21
2022225 2 9 11 25
2022226 21 4 29 15
2022227 27 8 10 8
2022228 4 12 19 3
2022229 12 6 10 24
2022230 24 5 1 12
2022231 24 14 25 20
2022232 16 11 25 21
2022233 26 5 12 12
2022234 1 14 26 13
2022235 19 7 28 21
2022236 30 10 10 20
2022237 29 8 21 23
2022238 21 3 7 15
2022239 27 3 7 4
2022240 8 3 15 13
2022241 20 8 12 22
2022242 14 9 4 18
2022243 1 4 6 9
2022244 7 6 20 24
2022245 4 3 26 7
2022246 30 9 24 8
2022247 18 9 16 16
2022248 20 7 10 13
2022249 10 15 15 24
2022250 28 6 4 15
2022251 15 3 10 17
2022252 13 4 8 14
2022253 24 14 11 17
2022254 12 9 26 21
2022255 30 7 13 16
2022256 17 14 26 14
2022257 17 8 30 9
2022258 13 14 5 10
2022259 11 6 21 7
2022260 19 14 2 12
2022261 30 1 12 12
2022262 5 8 7 21
2022263 16 5 18 14
2022264 4 12 12 21
2022265 21 13 26 3
2022266 30 3 21 12
2022267 2 6 27 1
2022268 2 15 18 12
2022269 2 4 11 15
2022270 2 15 6 25
2022271 20 2 8 21
2022272 27 14 4 16
2022273 17 14 12 8
2022274 18 11 4 22
2022275 28 14 20 9
2022276 11 6 4 10
2022277 3 12 9 10
2022278 25 11 12 18
2022279 9 7 25 15
2022280 25 13 13 17
2022281 16 10 19 7
2022282 16 6 8 6
2022283 2 5 29 12
2022284 19 4 16 11
2022285 12 2 27 23
2022286 7 4 2 10
2022287 28 1 24 18
2022288 25 12 24 14
2022289 23 7 9 22
2022290 30 10 29 13
2022291 21 8 11 8
2022292 17 3 15 9
2022293 9 15 8 2
2022294 11 13 17 5
2022295 5 4 29 12
2022296 20 3 30 19
2022297 9 14 10 17
2022298 4 12 22 14
2022299 8 5 12 8
2022300 20 6 23 11
2022301 2 12 28 7
2022302 2 10 28 14
2022303 1 11 10 21
2022304 9 10 30 18
2022305 21 2 1 24
2022306 17 15 13 5
2022307 13 12 16 9
2022308 19 1 11 6
2022309 9 13 28 18
2022310 22 5 25 9
2022311 24 7 18 5
2022312 28 5 5 9
2022313 29 8 7 18
2022314 7 11 14 8
2022315 7 5 23 20
2022316 28 8 2 3
2022317 1 5 9 6
2022318 7 12 24 7
2022319 15 13 20 5
2022320 14 15 16 7
2022321 21 6 20 13
2022322 29 10 12 6
2022323 8 6 12 1
2022324 3 9 3 1
2022325 28 3 27 15
2022326 13 4 9 23
2022327 17 3 3 19
2022328 28 15 5 17
2022329 11 6 3 15
2022330 18 2 2 7
2022331 24 1 7 16
2022332 6 14 21 23
2022333 28 13 1 18
2022334 13 8 24 16
2022335 2 4 21 3
2022336 4 14 7 15
2022337 4 13 11 4
2022338 13 1 18 17
2022339 7 9 29 7
2022340 4 15 8 13
2022341 23 13 7 14
2022342 24 2 7 21
2022343 30 14 21 14
2022344 1 1 24 21
2022345 16 2 3 25
2022346 22 10 25 19
2022347 20 4 6 1
2022348 16 9 17 6
2022349 11 15 2 14
2022350 6 2 16 21
2022351 24 13 8 1
2022352 21 9 18 1
2022353 13 9 1 14
2022354 28 10 17 2
2022355 11 4 25 16
2022356 26 8 3 1
2022357 7 9 23 6
2022358 14 9 16 6
2022359 28 2 22 12
2022360 25 14 30 11
2022361 3 15 29 7
2022362 28 3 21 1
2022363 30 6 23 25
2022364 19 5 24 2
2022365 28 13 13 18
2022366 14 10 5 24
2022367 8 5 19 6
2022368 15 11 19 10
2022369 16 7 23 3
2022370 9 3 30 21
2022371 16 6 14 20
2022372 29 5 11 3
2022373 21 12 22 22
2022374 30 1 24 4
2022375 22 5 29 22
2022376 23 10 13 23
2022377 17 9 30 25
2022378 8 7 24 11
2022379 2 11 20 24
2022380 30 5 5 22
2022381 17 12 6 16
2022382 6 13 1 6
2022383 1 8 6 22
2022384 24 4 27 9
2022385 8 8 12 20
2022386 12 6 19 21
2022387 6 8 5 17
2022388 16 6 15 11
2022389 12 12 7 24
2022390 29 4 15 18
2022391 4 9 4 3
2022392 25 2 7 10
2022393 11 15 27 13
2022394 15 2 26 23
2022395 24 3 14 3
2022396 9 9 4 17
2022397 27 5 21 15
2022398 29 13 10 17
2022399 30 11 17 16
2022400 14 3 10 21
2022401 10 10 20 14
2022402 16 15 30 22
2022403 27 3 7 12
2022404 25 12 14 15
2022405 27 10 28 15
2022406 24 3 10 1
2022407 10 14 15 25
2022408 23 14 15 15
2022409 5 10 5 9
2022410 26 4 22 24
2022411 14 5 29 16
2022412 5 7 16 11
2022413 17 13 28 18
2022414 15 12 6 3
2022415 6 3 1 16
2022416 27 11 16 9
2022417 29 8 24 10
2022418 27 2 5 1
2022419 5 1 1 25
2022420 15 5 20 2
2022421 25 5 20 7
2022422 13 5 3 18
2022423 16 8 16 25
2022424 10 5 3 17
2022425 26 9 4 7
2022426 13 14 30 8
2022427 5 14 24 19
2022428 12 2 27 24
2022429 20 10 10 4
2022430 7 12 21 9
2022431 11 7 13 8
2022432 17 2 5 25
2022433 9 3 16 7
2022434 3 2 7 5
2022435 23 2 5 22
2022436 26 3 18 25
2022437 2 6 10 17
2022438 18 12 2 19
2022439 21 3 29 1
2022440 6 15 12 15
2022441 21 4 21 8
2022442 19 15 27 14
2022443 18 14 12 19
2022444 21 14 14 15
2022445 13 2 29 5
2022446 24 8 13 2
2022447 29 1 15 6
2022448 8 7 2 19
2022449 12 7 15 19
2022450 23 13 21 9
2022451 5 13 13 5
2022452 2 6 19 7
2022453 23 14 15 1
2022454 29 14 23 10
2022455 30 10 18 6
2022456 19 15 30 10
2022457 1 2 3 14
2022458 15 13 27 6
2022459 15 8 6 23
2022460 16 7 25 21
2022461 18 15 25 9
2022462 13 2 1 13
2022463 4 3 11 21
2022464 22 12 30 7
2022465 2 14 5 11
2022466 8 12 17 25
2022467 1 12 3 25
2022468 26 13 10 9
2022469 17 6 19 2
2022470 24 14 11 3
2022471 7 14 14 8
2022472 28 15 17 17
2022473 16 10 22 19
2022474 22 5 27 17
2022475 15 2 30 2
2022476 24 10 14 15
2022477 10 14 22 2
2022478 19 12 4 5
2022479 27 8 16 14
2022480 25 13 10 22
2022481 6 7 7 16
2022482 18 11 15 12
2022483 12 6 25 3
2022484 10 8 6 12
2022485 2 5 22 21
2022486 15 8 14 17
2022487 1 14 7 19
2022488 25 2 19 11
2022489 23 13 6 19
2022490 18 6 30 19
2022491 16 10 18 13
2022492 13 12 11 8
2022493 20 7 5 22
2022494 7 4 9 8
2022495 8 13 12 9
2022496 8 15 12 10
2022497 4 9 6 20
2022498 8 9 22 7
2022499 22 13 1 23
2022500 20 12 29 16
2022501 16 10 15 2
2022502 25 2 7 14
2022503 7 4 10 17
2022504 12 5 18 14
2022505 5 8 28 17
2022506 24 9 28 3
2022507 16 2 26 5
2022508 30 2 30 21
2022509 16 10 29 1
2022510 5 4 13 23
2022511 26 6 28 23
2022512 25 3 25 21
2022513 2 5 27 14
2022514 11 3 21 7
2022515 12 7 23 14
2022516 4 7 22 16
2022517 9 13 13 8
2022518 24 2 6 20
2022519 14 6 22 16
2022520 2 12 13 5
2022521 18 14 8 1
2022522 2 2 1 11
2022523 6 11 24 8
2022524 3 9 13 2
2022525 14 8 21 11
2022526 15 6 10 8
2022527 7 4 24 3
2022528 11 12 14 3
2022529 3 2 25 4
2022530 18 11 21 2
2022531 10 14 30 20
2022532 18 9 13 5
2022533 29 2 2 20
2022534 16 13 13 21
2022535 18 3 10 22
2022536 5 1 24 17
2022537 7 15 14 15
2022538 21 1 22 1
2022539 12 1 1 11
2022540 18 7 16 13
2022541 19 15 23 7
2022542 1 8 8 21
2022543 22 2 27 9
2022544 25 6 4 10
2022545 28 3 16 14
2022546 19 1 11 3
2022547 3 13 18 13
2022548 14 2 22 7
2022549 8 15 27 22
2022550 8 11 10 17
2022551 30 2 29 18
2022552 8 7 30 23
2022553 30 5 15 3
2022554 23 5 26 13
2022555 1 6 15 22
2022556 2 5 6 11
2022557 23 14 26 18
2022558 13 3 5 22
2022559 30 5 8 25
2022560 13 11 5 18
2022561 4 6 27 4
2022562 9 7 28 24
2022563 28 13 21 25
2022564 17 3 5 25
2022565 5 8 4 4
2022566 27 9 16 16
2022567 19 14 3 8
2022568 16 13 26 19
2022569 9 10 2 17
2022570 14 2 9 22
2022571 18 15 10 9
2022572 24 12 5 23
2022573 6 3 14 10
2022574 20 2 18 9
2022575 8 12 10 15
2022576 27 10 26 9
2022577 15 5 10 24
2022578 1 5 10 8
2022579 11 5 16 11
2022580 18 4 1 6
2022581 10 4 18 16
2022582 15 8 21 25
2022583 9 9 30 11
2022584 20 2 2 19
2022585 7 9 26 6
2022586 27 5 17 18
2022587 22 11 6 4
2022588 1 10 12 15
2022589 2 3 22 5
2022590 1 9 10 11
2022591 1 10 18 12
2022592 11 13 16 1
2022593 17 3 1 11
2022594 15 8 7 12
2022595 26 10 26 14
2022596 3 3 8 12
2022597 20 11 15 22
2022598 29 3 17 16
2022599 6 4 25 24
2022600 16 7 26 24
2022601 12 6 5 14
2022602 8 5 14 17
2022603 2 11 18 22
2022604 21 3 8 10
2022605 14 7 30 10
2022606 19 5 28 22
2022607 13 14 21 24
2022608 2 8 13 2
2022609 8 1 1 19
2022610 1 10 25 3
2022611 23 1 28 15
2022612 10 12 4 13
2022613 16 5 21 17
2022614 9 5 15 4
2022615 6 2 27 23
2022616 30 14 18 18
2022617 29 2 10 10
2022618 11 6 28 24
2022619 21 1 20 24
2022620 19 11 11 20
2022621 18 6 5 12
2022622 13 2 16 6
2022623 15 9 20 20
2022624 3 14 14 15
2022625 27 7 9 20
2022626 13 6 16 13
2022627 17 12 19 21
2022628 19 12 28 11
2022629 30 4 13 18
2022630 22 8 13 16
2022631 30 3 6 15
2022632 30 7 14 23
2022633 7 3 22 24
2022634 6 2 1 13
2022635 2 12 6 8
2022636 30 6 20 2
2022637 11 3 22 4
2022638 13 12 3 23
2022639 18 9 28 17
2022640 4 2 21 12
2022641 10 10 19 19
2022642 25 9 17 16
2022643 12 5 22 3
2022644 16 6 19 8
2022645 16 9 22 11
2022646 5 7 18 20
2022647 7 9 23 6
2022648 24 1 2 7
2022649 19 8 21 20
2022650 11 13 25 20
2022651 11 2 18 20
2022652 13 14 1 6
2022653 13 2 25 22
2022654 27 15 16 5
2022655 29 8 10 9
2022656 14 11 17 4
2022657 1 9 23 23
2022658 13 1 5 4
2022659 21 4 30 12
2022660 10 3 7 8
2022661 1 8 11 4
2022662 26 8 8 4
2022663 10 14 17 9
2022664 28 15 10 16
2022665 6 12 26 25
2022666 16 5 22 9
2022667 13 4 20 7
2022668 9 1 18 17
2022669 29 10 30 1
2022670 11 7 10 23
2022671 13 4 22 10
2022672 18 7 1 16
2022673 28 4 5 13
2022674 21 12 1 9
2022675 8 13 11 24
2022676 23 6 8 11
2022677 1 5 12 10
2022678 16 12 9 6
2022679 11 9 2 4
2022680 25 10 2 17
2022681 18 6 14 15
2022682 6 9 12 8
2022683 8 15 4 3
2022684 13 6 15 21
2022685 27 7 27 2
2022686 26 14 7 4
2022687 4 12 29 7
2022688 11 11 11 4
2022689 21 9 24 21
2022690 10 8 6 7
2022691 13 5 30 14
2022692 24 14 29 16
2022693 13 3 4 6
2022694 5 4 3 1
2022695 25 12 12 8
2022696 9 6 29 17
2022697 6 8 30 9
2022698 30 15 7 2
2022699 25 14 23 23
2022700 15 8 17 10
2022701 24 8 15 19
2022702 25 10 11 16
2022703 21 13 2 25
2022704 23 8 21 20
2022705 28 6 28 1
2022706 14 5 2 13
2022707 18 10 20 5
2022708 14 7 21 20
2022709 11 5 28 2
2022710 22 2 30 9
2022711 30 13 5 22
2022712 26 4 6 7
2022713 1 13 2 23
2022714 6 15 23 10
2022715 19 7 11 17
2022716 12 6 14 11
2022717 9 10 17 4
2022718 8 10 5 5
2022719 29 15 1 10
2022720 30 12 19 1
2022721 1 8 30 8
2022722 1 10 5 8
2022723 29 11 21 1
2022724 7 3 25 19
2022725 12 7 5 12
2022726 14 6 30 14
2022727 20 13 27 12
2022728 24 15 18 19
2022729 1 6 7 4
2022730 21 13 6 16
2022731 14 12 18 9
2022732 15 2 23 8
2022733 26 4 13 15
2022734 21 1 3 19
2022735 17 9 25 14
2022736 13 2 7 6
2022737 17 4 27 1
2022738 4 14 19 4
2022739 18 13 8 15
2022740 1 4 1 9
2022741 7 1 9 5
2022742 27 8 10 24
2022743 5 3 4 25
2022744 26 4 4 2
2022745 19 5 10 24
2022746 6 11 24 1
2022747 3 7 10 23
2022748 26 9 7 6
2022749 22 12 7 21
2022750 3 11 3 12
2022751 26 10 28 9
2022752 18 9 3 25
2022753 21 5 28 24
2022754 13 10 28 1
2022755 16 1 17 10
2022756 26 3 29 19
2022757 16 12 29 10
2022758 23 11 1 17
2022759 26 10 1 1
2022760 4 7 12 11
2022761 23 1 23 9
2022762 23 12 26 16
2022763 29 11 3 13
2022764 6 7 9 22
2022765 15 3 6 18
2022766 1 14 12 13
2022767 26 4 29 18
2022768 11 14 7 14
2022769 22 1 5 10
2022770 28 6 25 24
2022771 14 1 28 10
2022772 11 12 9 6
2022773 3 2 2 3
2022774 9 5 14 17
2022775 1 1 25 3
2022776 4 13 29 18
2022777 22 5 3 16
2022778 27 13 11 24
2022779 25 2 25 5
2022780 2 10 22 10
2022781 10 9 15 4
2022782 9 1 25 24
2022783 10 15 4 3
2022784 2 10 12 20
2022785 30 8 27 19
2022786 15 12 28 24
2022787 10 15 6 18
2022788 17 2 15 19
2022789 10 3 1 22
2022790 21 9 26 10
2022791 29 10 18 20
2022792 10 4 1 5
2022793 23 1 26 10
2022794 23 4 26 4
2022795 18 4 23 2
2022796 17 6 11 16
2022797 23 5 8 20
2022798 4 5 29 25
2022799 28 8 19 2
2022800 16 6 19 12
2022801 30 12 1 19
2022802 21 5 9 19
2022803 16 11 17 11
2022804 23 3 10 22
2022805 6 15 3 13
2022806 25 2 22 25
2022807 21 13 4 6
2022808 26 14 24 13
2022809 25 11 10 4
2022810 25 2 14 12
2022811 25 8 1 16
2022812 10 15 2 22
2022813 22 12 28 23
2022814 23 1 17 18
2022815 22 15 18 12
2022816 10 6 5 5
2022817 11 13 20 25
2022818 19 2 18 16
2022819 29 3 6 16
2022820 20 7 19 8
2022821 9 3 23 5
2022822 4 4 13 13
2022823 26 15 23 23
2022824 14 1 7 15
2022825 7 9 26 2
2022826 26 8 1 17
2022827 18 2 20 19
2022828 5 13 23 10
2022829 26 14 5 22
2022830 17 6 19 3
2022831 13 14 18 2
2022832 1 3 18 10
2022833 14 10 2 10
2022834 1 8 19 1
2022835 24 2 1 9
2022836 19 12 21 22
2022837 11 7 29 12
2022838 24 14 14 25
2022839 5 10 18 16
2022840 28 8 17 24
2022841 3 15 2 4
2022842 9 8 6 20
2022843 6 4 26 15
2022844 20 1 26 21
2022845 17 8 15 24
2022846 19 6 1 9
2022847 10 14 8 25
2022848 14 7 12 2
2022849 28 6 5 2
2022850 7 10 29 11
2022851 30 8 10 23
2022852 3 13 22 5
2022853 29 10 26 24
2022854 1 1 28 20
2022855 29 6 20 21
2022856 14 2 28 21
2022857 2 10 14 14
2022858 26 9 25 9
2022859 25 3 16 17
2022860 23 15 17 10
2022861 6 13 30 16
2022862 24 9 30 13
2022863 19 6 8 25
2022864 26 3 13 16
2022865 13 8 14 14
2022866 11 8 8 20
2022867 17 2 17 5
2022868 2 8 5 17
2022869 24 6 4 12
2022870 26 1 28 6
2022871 16 10 7 25
2022872 28 6 6 3
2022873 12 2 3 18
2022874 21 2 5 7
2022875 8 12 1 7
2022876 12 8 14 20
2022877 16 12 23 9
2022878 2 15 10 15
2022879 21 9 1 4
2022880 12 7 6 11
2022881 19 8 16 1
2022882 20 14 18 12
2022883 22 3 27 4
2022884 27 12 24 7
2022885 24 2 24 10
2022886 19 10 28 24
2022887 14 15 11 13
2022888 14 2 12 12
2022889 22 6 13 21
2022890 20 14 19 16
2022891 21 11 9 7
2022892 14 12 8 23
2022893 2 8 29 16
2022894 23 11 3 2
2022895 22 15 11 4
2022896 12 1 2 14
2022897 14 3 21 17
2022898 23 1 15 15
2022899 15 7 6 8
2022900 4 15 4 17
2022901 7 7 23 24
2022902 12 6 28 13
2022903 17 12 14 16
2022904 15 9 27 19
2022905 5 5 16 1
2022906 3 3 2 3
2022907 11 7 27 14
2022908 15 12 24 9
2022909 15 14 28 21
2022910 26 7 19 8
2022911 4 9 26 21
2022912 23 12 22 1
2022913 11 10 9 23
2022914 8 7 27 21
2022915 12 1 12 15
2022916 19 14 5 24
2022917 11 3 20 1
2022918 25 2 28 7
2022919 2 6 2 21
2022920 29 11 21 12
2022921 20 5 8 7
2022922 27 2 20 24
2022923 9 11 24 7
2022924 17 13 27 22
2022925 6 14 4 25
2022926 28 13 13 2
2022927 17 14 11 15
2022928 13 6 8 11
2022929 26 1 13 4
2022930 7 12 26 21
2022931 20 5 19 5
2022932 19 14 17 18
2022933 5 7 18 1
2022934 29 2 2 3
2022935 10 14 19 6
2022936 23 14 22 8
2022937 3 3 23 2
2022938 30 6 18 3
2022939 5 5 1 5
2022940 20 4 26 6
2022941 27 3 18 15
2022942 19 11 17 15
2022943 17 15 3 22
2022944 27 11 5 25
2022945 10 13 1 19
2022946 23 12 10 25
2022947 11 15 14 12
2022948 11 7 12 6
2022949 23 10 3 14
2022950 24 2 29 10
2022951 24 8 16 11
2022952 20 4 12 9
2022953 20 10 9 10
2022954 29 10 26 17
2022955 25 7 24 19
2022956 11 1 18 6
2022957 7 14 20 7
2022958 12 6 8 14
2022959 20 10 28 16
2022960 16 8 26 23
2022961 29 9 17 5
2022962 2 6 15 15
2022963 6 2 6 1
2022964 7 10 30 11
2022965 18 8 3 8
2022966 4 5 24 22
2022967 11 15 8 15
2022968 6 15 19 10
2022969 19 5 23 14
2022970 12 11 13 3
2022971 8 9 17 2
2022972 1 12 12 7
2022973 15 11 3 9
2022974 3 13 13 6
2022975 16 15 4 23
2022976 10 12 11 15
2022977 25 12 26 8
2022978 27 5 6 15
2022979 28 5 29 5
2022980 26 11 16 23
2022981 17 13 24 18
2022982 27 4 19 3
2022983 4 3 20 15
2022984 9 10 19 20
2022985 21 10 4 2
2022986 2 5 4 11
2022987 6 13 30 21
2022988 16 1 12 22
2022989 13 14 6 16
2022990 14 11 1 20
2022991 7 5 18 4
2022992 9 11 9 9
2022993 8 3 23 5
2022994 26 12 3 1
2022995 26 6 3 2
2022996 18 13 23 7
